#! Version: 14/06/2019_14:24:30
# This file has been generated with the file "results/opd/opd.txt" (version 14/06/2019_12:22:26)

# Matrix in %: 
        has     is      a       an      the     as      at      by      for     from    in      of      on      to      until   with    [alone] [nbOcc] 
has     0.0     0.0     1.3     0.0     0.1     0.0     0.0     0.3     0.1     0.3     0.5     1.8     0.0     0.2     0.0     0.3     95.9    100.0   
is      0.0     0.0     1.3     0.2     0.0     0.2     0.9     17.5    4.3     0.7     10.2    59.1    0.4     3.0     0.0     0.6     4.1     100.0   
a       50.0    19.4    0.0     0.0     0.0     2.8     13.9    0.0     0.0     0.0     0.0     30.6    0.0     0.0     0.0     2.8     11.1    100.0   
an      0.0     100.0   0.0     0.0     0.0     0.0     0.0     0.0     0.0     0.0     0.0     100.0   0.0     0.0     0.0     0.0     0.0     100.0   
the     25.0    0.0     0.0     0.0     0.0     0.0     0.0     50.0    25.0    0.0     50.0    25.0    0.0     0.0     0.0     0.0     25.0    100.0   
as      0.0     12.5    12.5    0.0     0.0     0.0     0.0     0.0     0.0     0.0     0.0     0.0     0.0     0.0     0.0     0.0     75.0    100.0   
at      0.0     10.6    10.6    0.0     0.0     0.0     0.0     0.0     0.0     2.1     0.0     0.0     0.0     0.0     0.0     0.0     76.6    100.0   
by      1.5     34.8    0.0     0.0     0.7     0.0     0.0     0.0     0.0     0.0     1.9     0.4     0.0     1.1     0.0     0.0     60.7    100.0   
for     3.3     37.7    0.0     0.0     1.6     0.0     0.0     0.0     0.0     0.0     0.0     1.6     0.0     0.0     0.0     0.0     59.0    100.0   
from    7.5     7.5     0.0     0.0     0.0     0.0     1.9     0.0     0.0     0.0     0.0     0.0     0.0     0.0     0.0     0.0     83.0    100.0   
in      3.9     30.7    0.0     0.0     1.1     0.0     0.0     2.8     0.0     0.0     0.0     5.0     0.0     0.6     0.0     0.6     61.5    100.0   
of      4.0     50.3    1.7     0.2     0.2     0.0     0.0     0.2     0.2     0.0     1.4     0.0     0.2     0.2     0.0     0.0     45.4    100.0   
on      0.0     6.2     0.0     0.0     0.0     0.0     0.0     0.0     0.0     0.0     0.0     3.1     0.0     0.0     0.0     0.0     90.6    100.0   
to      2.8     15.0    0.0     0.0     0.0     0.0     0.0     2.8     0.0     0.0     0.9     0.9     0.0     0.0     0.0     0.0     78.5    100.0   
until   0.0     0.0     0.0     0.0     0.0     0.0     0.0     0.0     0.0     0.0     0.0     0.0     0.0     0.0     0.0     0.0     100.0   100.0   
with    10.8    8.1     2.7     0.0     0.0     0.0     0.0     0.0     0.0     0.0     2.7     0.0     0.0     0.0     0.0     0.0     78.4    100.0   

# Matrix in values: 
        has     is      a       an      the     as      at      by      for     from    in      of      on      to      until   with    [alone] [nbOcc] 
has     0       0       18      0       1       0       0       4       2       4       7       25      0       3       0       4       1312    1368    
is      0       0       7       1       0       1       5       94      23      4       55      318     2       16      0       3       22      538     
a       18      7       0       0       0       1       5       0       0       0       0       11      0       0       0       1       4       36      
an      0       1       0       0       0       0       0       0       0       0       0       1       0       0       0       0       0       1       
the     1       0       0       0       0       0       0       2       1       0       2       1       0       0       0       0       1       4       
as      0       1       1       0       0       0       0       0       0       0       0       0       0       0       0       0       6       8       
at      0       5       5       0       0       0       0       0       0       1       0       0       0       0       0       0       36      47      
by      4       94      0       0       2       0       0       0       0       0       5       1       0       3       0       0       164     270     
for     2       23      0       0       1       0       0       0       0       0       0       1       0       0       0       0       36      61      
from    4       4       0       0       0       0       1       0       0       0       0       0       0       0       0       0       44      53      
in      7       55      0       0       2       0       0       5       0       0       0       9       0       1       0       1       110     179     
of      25      318     11      1       1       0       0       1       1       0       9       0       1       1       0       0       287     632     
on      0       2       0       0       0       0       0       0       0       0       0       1       0       0       0       0       29      32      
to      3       16      0       0       0       0       0       3       0       0       1       1       0       0       0       0       84      107     
until   0       0       0       0       0       0       0       0       0       0       0       0       0       0       0       0       2       2       
with    4       3       1       0       0       0       0       0       0       0       1       0       0       0       0       0       29      37      

